10
10
0,0
9,9
21,8,20,6,27,26,20,9,1,15
12,28,18,18,18,19,10,20,13,5
29,11,15,6,14,17,0,4,8,30
7,14,13,21,10,10,16,10,-1,6
28,16,21,27,28,10,12,17,8,19
8,24,23,8,18,26,13,-1,14,18
17,21,16,24,14,0,9,0,4,20
1,20,1,7,29,8,0,22,9,12
21,23,23,13,2,5,30,25,24,29
0,22,20,22,28,18,25,20,26,26
14
0,0
13,13
18,6,9,19,15,11,30,27,16,29,19,27,28,3
17,4,10,11,16,24,22,10,9,18,27,2,18,15
29,15,16,11,16,11,10,25,3,30,14,30,27,4
23,14,10,27,19,7,2,17,13,30,23,6,4,-1
27,21,13,10,26,15,13,4,10,26,19,2,24,16
14,22,4,27,23,23,10,30,21,2,27,27,27,17
29,20,19,21,10,30,30,28,30,28,21,2,9,20
14,24,28,29,23,15,21,20,6,3,10,28,3,29
18,29,19,24,26,10,9,25,9,16,8,26,23,10
21,12,11,13,4,21,6,3,3,20,18,3,10,9
9,18,18,13,23,23,28,15,29,1,6,21,28,7
1,14,29,26,27,23,25,25,15,4,26,27,1,17
5,22,29,-1,30,15,30,9,13,27,1,23,5,4
8,1,26,13,20,4,5,17,4,9,-1,5,11,4
18
0,0
17,17
13,8,25,2,7,6,19,3,26,27,29,18,10,26,1,10,3,21
24,13,26,23,11,26,27,18,22,6,27,21,0,14,10,2,29,30
11,4,8,25,3,6,-1,5,10,9,10,13,14,1,12,20,26,27
9,17,0,19,18,15,29,20,1,1,19,10,27,23,0,6,25,27
29,30,26,9,-1,14,4,27,9,19,25,10,2,28,11,22,29,2
12,18,0,19,3,29,19,17,5,25,18,24,23,0,20,24,29,17
26,17,23,1,7,-1,14,0,11,-1,1,23,22,25,18,16,6,3
11,0,9,22,22,-1,30,1,28,20,21,3,15,26,13,3,2,21
18,7,27,21,12,13,21,30,16,24,7,28,19,13,5,10,21,21
22,26,6,25,23,10,25,19,-1,23,29,4,5,27,15,24,28,15
20,5,19,25,16,15,7,20,26,12,30,21,6,22,11,3,24,11
15,23,19,19,15,25,5,28,18,20,24,16,8,28,28,11,8,24
23,26,11,28,29,18,-1,6,0,10,17,4,14,7,22,22,29,18
30,19,15,25,27,6,19,29,2,9,5,16,11,11,12,29,6,18
24,11,4,1,14,6,16,13,22,28,29,7,0,3,26,6,17,24
11,2,11,26,18,28,7,16,7,23,-1,7,9,28,8,3,10,18
28,-1,23,27,13,27,4,9,2,24,21,8,7,24,18,30,9,24
3,13,4,14,17,6,23,12,15,5,10,20,27,15,27,16,10,9
22
0,0
21,21
18,10,22,24,0,10,2,7,8,10,19,9,17,19,9,15,18,1,30,29,30,19
10,14,13,19,25,30,26,13,15,16,29,2,24,24,13,22,5,8,6,13,24,2
26,2,24,25,5,14,29,28,17,15,8,28,12,4,6,28,27,5,19,-1,13,15
9,30,28,17,12,30,11,15,3,18,15,7,7,1,21,6,10,7,20,12,29,16
27,5,11,30,16,20,6,9,27,17,7,16,19,7,16,23,6,14,20,10,5,7
7,6,14,11,5,26,29,3,12,7,23,23,1,5,3,24,15,13,30,24,6,21
3,8,13,4,11,16,9,27,30,7,18,30,25,6,25,21,23,3,21,9,20,6
27,14,9,0,13,17,5,9,21,15,16,21,-1,25,29,2,7,13,3,1,30,4
13,25,17,16,7,20,29,21,15,26,26,7,11,21,18,14,23,16,6,6,25,10
22,24,18,18,20,23,27,21,16,-1,28,16,10,21,29,23,5,13,27,7,19,9
15,29,5,24,1,18,3,29,29,19,20,13,24,13,30,3,6,8,22,-1,9,10
3,10,-1,12,4,21,29,24,12,1,25,21,7,18,26,14,5,5,25,13,15,7
17,23,0,4,17,2,24,4,17,13,25,13,19,22,22,8,20,23,12,11,13,9
22,7,14,9,3,16,19,16,13,29,10,15,0,15,13,13,10,12,20,25,10,29
20,12,18,2,10,20,20,25,4,8,14,-1,9,8,19,16,24,26,24,2,11,15
15,16,25,6,19,6,4,24,24,21,19,11,12,23,26,1,1,23,20,11,3,29
14,0,15,20,23,23,2,13,9,29,22,30,6,13,6,21,27,11,16,6,14,23
0,24,19,14,8,29,9,2,28,27,15,13,28,27,20,-1,7,7,20,11,12,15
6,25,5,5,6,14,7,12,22,1,13,8,29,26,20,24,12,7,23,14,21,19
8,2,3,28,9,0,-1,30,5,25,0,15,7,16,26,15,26,21,5,21,3,27
3,17,18,7,14,11,19,27,2,14,25,26,7,8,21,12,2,27,10,18,30,20
11,5,8,9,15,22,8,15,27,-1,11,12,25,1,20,2,0,12,10,19,9,18
26
0,0
25,25
30,2,13,22,5,6,30,4,4,15,24,27,23,5,25,24,24,0,24,1,27,26,20,1,10,18
3,28,11,11,27,13,22,1,14,5,16,6,5,17,6,9,17,14,9,10,1,1,16,-1,24,7
3,3,8,15,18,6,18,15,19,1,19,9,1,13,28,30,17,8,1,12,28,24,19,24,28,0
-1,19,21,28,7,25,12,30,26,9,26,18,8,11,10,3,14,7,26,17,22,2,23,24,19,16
26,25,1,15,24,13,24,29,29,22,8,0,7,12,2,28,14,18,22,16,26,8,26,23,0,10
27,18,15,5,5,27,14,6,4,20,0,12,23,2,6,26,10,2,6,18,19,19,27,28,24,2
10,7,20,18,14,8,6,18,8,-1,23,17,16,19,23,9,11,13,25,4,16,-1,17,8,8,12
3,4,25,2,1,11,13,7,1,9,19,29,1,13,30,27,7,7,9,5,29,9,22,25,0,19
7,24,30,26,16,10,17,30,-1,25,29,30,22,3,19,23,-1,11,27,15,7,18,28,7,27,28
21,25,30,20,19,8,29,-1,6,1,11,8,4,13,12,9,12,13,2,10,26,10,15,13,16,5
16,14,11,23,20,17,14,2,29,2,9,15,13,7,2,13,10,10,-1,1,12,0,22,19,20,26
16,7,14,13,22,29,3,22,22,23,2,3,30,9,25,25,8,22,14,13,18,29,27,0,27,5
24,23,1,8,10,11,8,15,2,15,7,10,1,-1,23,1,30,14,17,18,5,27,19,1,8,28
19,8,17,9,12,24,5,16,4,26,25,27,29,2,19,18,25,21,23,0,3,11,22,10,30,20
8,16,-1,2,5,-1,28,23,25,30,7,17,11,10,14,15,22,21,-1,12,20,1,19,2,25,7
21,8,5,19,4,13,5,28,21,4,13,7,20,21,0,25,23,16,25,7,8,7,13,22,3,13
29,-1,6,30,7,9,9,30,-1,24,17,27,18,10,17,21,10,4,19,3,26,12,22,11,29,0
-1,26,26,24,8,5,21,11,1,5,16,1,7,17,26,29,25,25,10,19,2,2,28,20,26,29
3,23,15,15,16,3,10,28,15,26,3,4,6,24,2,16,28,5,25,15,8,13,8,26,12,20
19,7,27,4,2,18,29,5,5,20,6,6,14,18,5,22,19,9,21,14,13,12,8,21,17,7
16,28,18,1,23,4,15,28,19,30,16,15,29,-1,8,22,9,5,25,14,20,18,10,14,24,13
6,8,28,11,20,-1,1,2,28,7,18,9,1,25,14,9,15,19,7,0,14,13,20,7,8,13
0,-1,10,13,27,5,14,18,13,5,8,16,7,15,21,5,23,16,11,2,17,29,11,0,27,3
4,27,2,25,19,7,30,28,27,26,25,15,14,3,28,30,16,8,11,13,26,19,3,11,0,4
18,7,21,26,23,29,11,5,30,30,25,19,29,0,22,17,7,29,28,19,17,27,3,30,11,0
20,20,19,18,26,26,12,1,0,-1,3,6,23,6,2,15,2,26,4,9,1,16,18,30,25,20
30
0,0
29,29
27,7,7,-1,12,23,24,2,11,24,11,18,0,4,5,6,6,16,0,23,24,6,9,29,4,0,24,6,25,29
26,20,6,9,-1,2,14,14,25,17,-1,11,26,14,29,15,24,1,1,18,5,2,7,9,7,24,9,28,1,28
24,10,23,9,0,18,20,23,6,1,17,27,3,9,13,16,14,23,26,29,12,27,7,0,20,19,15,28,27,4
18,-1,28,1,8,24,1,16,0,18,25,2,2,8,14,17,28,27,28,3,25,1,7,0,20,-1,27,0,5,30
6,3,10,15,23,7,27,25,26,4,21,27,10,6,29,8,15,15,13,8,19,28,19,28,9,18,7,16,10,20
20,4,19,14,11,29,27,30,1,12,13,28,16,25,4,27,30,8,26,29,12,21,13,24,14,9,3,29,4,11
23,-1,30,-1,9,0,13,17,3,21,18,29,9,13,20,12,6,7,8,21,30,16,6,-1,9,13,15,24,10,19
28,17,15,6,29,4,8,22,14,2,2,14,19,28,21,3,26,14,22,10,11,26,22,29,29,15,8,13,10,11
2,16,-1,20,24,21,25,11,3,24,17,26,10,29,20,15,27,1,14,4,-1,8,25,13,13,9,17,22,28,8
30,-1,1,-1,19,6,6,2,14,10,18,22,8,13,29,30,12,20,30,13,0,9,13,20,7,17,-1,13,2,23
20,3,29,29,19,21,5,25,25,21,6,29,29,17,29,14,-1,10,25,25,9,9,11,-1,2,21,19,7,6,9
30,29,18,15,3,17,17,7,16,28,3,24,20,7,1,17,3,16,-1,0,18,16,22,19,14,21,10,13,11,23
5,5,21,11,28,19,6,10,-1,23,6,19,10,28,29,23,7,24,24,14,7,12,30,6,28,24,30,3,29,10
2,11,25,17,5,28,10,24,15,23,25,21,26,9,20,16,5,16,16,5,16,14,9,15,11,11,29,7,10,8
23,23,6,15,14,0,0,26,19,30,16,4,30,0,20,10,-1,17,10,8,0,17,24,29,27,28,18,7,-1,15
3,11,7,22,8,19,10,21,-1,5,25,0,23,8,6,20,21,18,22,-1,28,8,28,12,8,9,27,28,5,16
29,0,24,28,8,23,11,19,19,20,19,15,13,18,16,-1,3,5,7,7,25,0,12,3,13,2,12,11,29,27
27,22,14,20,15,15,22,16,12,21,19,22,14,12,8,24,22,27,28,13,1,7,14,29,27,23,22,29,1,8
10,11,11,12,15,13,18,25,9,23,22,28,26,23,8,24,12,15,20,18,30,26,28,5,21,4,19,1,10,2
11,18,10,30,15,28,8,9,24,12,25,4,25,18,25,6,11,18,1,3,16,7,5,10,0,6,4,30,21,23
20,3,20,17,4,3,28,29,22,18,22,19,7,14,18,20,12,4,5,10,19,0,0,1,10,-1,26,0,1,-1
8,25,18,9,27,0,14,9,5,8,27,5,25,25,26,24,11,20,7,21,17,17,11,30,15,30,19,9,21,30
15,9,26,12,27,0,13,30,22,17,-1,24,26,-1,-1,28,1,21,10,21,30,22,9,7,24,14,26,12,16,-1
10,4,11,4,0,15,6,16,23,25,11,2,13,20,19,14,3,0,0,3,30,29,2,2,7,-1,23,16,2,23
30,26,26,6,27,27,15,30,23,10,5,5,25,13,7,18,11,7,1,28,25,1,-1,12,1,28,0,1,-1,21
29,26,9,2,26,11,1,14,5,8,8,27,17,12,25,14,1,6,0,24,24,11,4,30,6,7,21,29,-1,1
22,12,26,5,27,29,22,4,29,17,24,8,25,14,0,-1,26,25,23,11,13,13,7,28,14,3,30,12,27,8
11,21,19,-1,20,22,27,8,10,14,27,-1,23,28,10,16,24,24,29,29,12,23,21,5,24,16,18,11,21,0
30,7,29,6,27,19,14,19,10,30,20,19,1,9,9,9,9,28,15,4,25,23,0,1,15,20,30,11,13,-1
7,16,16,10,22,22,3,18,5,23,13,15,27,19,5,1,7,20,24,28,21,17,22,2,29,15,24,1,3,3
34
0,0
33,33
10,0,7,9,10,5,7,6,9,23,2,24,6,17,1,9,14,28,4,24,3,17,27,4,27,9,23,9,27,16,1,16,27,2
15,23,3,22,6,9,3,28,11,24,6,23,14,0,16,7,0,4,10,24,21,27,14,0,6,26,30,21,18,16,19,14,13,4
30,7,4,14,20,27,11,30,24,15,17,6,28,14,-1,26,26,18,9,18,26,25,21,10,30,16,17,11,3,5,27,29,19,21
19,5,10,26,7,11,7,29,25,4,30,28,25,1,8,29,-1,7,19,15,10,18,11,6,18,26,15,24,25,15,9,17,28,11
29,17,7,4,1,8,1,28,14,2,12,24,-1,26,19,25,4,3,12,15,11,7,14,13,0,26,3,0,11,5,29,2,24,21
30,25,28,13,0,19,20,28,5,10,2,2,4,23,20,3,27,7,7,4,5,6,17,2,7,16,19,13,8,-1,18,22,16,14
19,26,23,0,3,25,4,0,19,26,27,23,11,21,30,20,17,25,15,22,29,29,5,10,21,16,6,19,13,3,23,11,24,12
28,20,25,25,6,15,16,24,14,25,-1,15,22,23,13,8,17,20,29,29,19,15,20,24,23,0,-1,12,-1,26,24,14,18,17
29,30,23,30,11,7,15,6,8,24,-1,5,22,-1,22,10,11,12,24,7,28,6,11,20,21,5,26,30,11,27,22,21,11,23
29,2,6,9,28,13,16,28,20,23,27,27,8,10,18,-1,15,28,24,8,1,12,18,16,24,15,19,28,5,7,17,30,14,29
18,13,26,26,6,19,15,8,11,8,23,1,26,16,17,26,21,2,3,19,13,20,12,6,29,23,1,22,17,30,29,4,17,28
2,10,4,25,2,13,17,25,0,24,4,16,21,26,20,9,22,14,28,10,6,11,6,23,0,27,16,29,10,7,30,9,23,10
8,9,15,5,7,17,13,28,25,29,5,16,24,9,23,7,25,23,2,16,5,18,10,25,8,0,18,29,30,18,15,15,-1,17
7,5,21,5,8,7,11,14,4,29,7,6,19,29,3,10,30,1,24,7,22,23,16,8,28,30,24,19,9,16,29,7,29,27
15,14,30,2,3,29,1,5,25,14,25,21,15,29,5,19,26,17,10,17,10,26,21,28,13,28,5,4,7,21,17,24,10,12
13,28,0,23,12,21,5,15,5,0,23,21,13,26,19,28,15,26,8,12,22,27,9,27,26,22,12,18,16,23,27,14,9,6
5,9,3,30,9,1,-1,19,2,23,-1,6,21,23,0,25,8,22,14,26,13,11,22,23,8,19,10,2,25,14,14,30,21,1
17,10,5,30,10,1,17,24,26,20,24,6,2,14,24,14,0,30,6,25,22,13,24,23,0,28,15,13,19,25,17,25,19,1
22,8,22,5,13,22,26,23,26,21,30,24,14,28,20,28,12,27,15,4,2,4,-1,10,18,18,24,30,25,27,26,17,24,-1
1,30,0,17,15,5,22,7,11,26,19,4,17,11,18,6,7,20,13,24,19,20,10,11,10,2,17,7,29,12,11,26,30,3
24,11,18,21,30,28,22,16,17,17,4,25,16,28,30,12,21,8,18,30,29,29,0,23,17,15,7,30,22,20,26,1,26,12
-1,23,11,2,14,21,30,9,24,2,20,3,30,-1,4,3,3,17,28,23,6,2,30,19,12,15,22,20,11,0,3,13,18,4
16,4,22,28,16,28,8,26,7,24,19,18,3,28,22,5,18,8,21,10,22,18,-1,8,29,10,29,22,25,27,10,20,13,30
12,9,10,8,21,10,16,21,6,14,25,28,30,30,30,16,19,21,3,26,17,1,28,14,20,25,-1,17,20,19,15,16,7,9
28,11,16,27,20,5,19,15,22,17,2,10,25,15,28,6,14,0,26,16,2,20,16,7,20,22,-1,24,2,23,17,17,3,5
8,15,22,1,26,11,23,25,2,30,10,14,26,22,30,17,-1,28,17,2,27,8,4,29,28,16,10,29,14,7,29,22,28,16
3,15,8,28,1,19,18,13,10,14,19,5,6,14,10,26,22,26,22,13,8,7,15,3,14,9,24,18,11,5,9,10,15,2
18,4,14,3,12,22,24,12,16,6,22,17,3,23,23,4,8,11,20,13,26,1,25,25,0,21,13,14,17,18,3,10,20,19
15,25,23,5,2,6,14,1,30,2,29,4,10,30,9,0,17,25,22,7,21,10,5,21,19,-1,13,8,7,13,22,11,5,9
19,24,22,12,1,27,5,10,29,12,19,-1,2,0,26,27,3,6,22,19,29,21,11,19,30,6,18,23,2,23,8,18,9,4
11,10,19,26,6,10,14,22,8,12,19,11,4,6,17,29,25,27,2,15,28,11,27,16,25,17,16,13,2,4,19,16,10,16
17,21,4,6,15,26,13,5,-1,28,2,21,21,27,8,-1,6,28,22,29,10,-1,7,15,26,25,20,10,14,29,4,12,30,13
27,0,15,3,15,29,1,27,30,28,27,2,1,14,15,-1,19,25,17,0,27,29,6,3,11,8,4,6,27,25,19,24,26,4
12,13,12,4,12,18,10,22,10,9,27,9,16,29,-1,13,17,29,27,6,27,15,1,29,-1,17,8,27,13,21,0,28,8,10
38
0,0
37,37
15,20,26,30,23,20,12,2,-1,16,7,-1,28,20,0,7,24,6,27,0,5,26,12,27,27,29,30,19,15,12,8,21,10,16,25,14,18,16
9,24,23,17,6,1,1,15,16,23,1,28,29,6,3,9,5,28,0,20,17,6,24,27,6,15,0,11,25,-1,6,17,28,7,29,17,15,28
13,11,29,19,29,25,29,8,15,20,11,21,13,5,9,27,17,30,13,12,8,30,22,16,22,10,11,17,15,7,21,23,3,6,1,20,10,15
26,0,3,28,19,27,11,5,2,15,15,1,29,8,22,1,13,0,3,15,8,15,29,9,27,17,25,4,16,25,4,6,17,24,26,17,15,5
25,25,10,28,17,2,25,16,2,4,5,26,13,16,12,30,0,11,9,3,10,13,24,25,30,0,8,27,23,4,24,1,29,8,4,11,27,2
28,3,25,10,15,-1,25,10,26,16,24,13,28,1,5,4,12,27,9,-1,14,15,-1,5,29,16,20,13,11,17,22,28,14,3,28,6,9,22
22,1,9,8,0,22,12,19,5,25,12,3,-1,8,3,-1,6,8,8,6,12,26,12,27,15,18,6,14,20,0,14,25,15,10,13,29,1,16
9,8,12,22,12,11,11,21,7,16,23,11,14,11,9,3,0,20,25,6,0,6,25,26,9,0,18,26,5,20,15,11,2,11,8,10,26,21
24,6,12,25,20,24,29,-1,9,24,20,22,13,8,14,26,5,25,17,7,4,11,30,20,8,22,2,12,19,23,7,30,7,3,4,15,13,16
-1,27,21,30,11,23,13,22,19,1,0,15,24,9,22,10,17,26,27,3,23,29,12,18,27,15,3,1,7,7,24,20,21,6,7,6,24,18
29,9,24,15,29,21,19,6,18,2,11,27,1,29,0,0,13,0,11,12,30,15,30,19,21,14,23,27,-1,11,19,25,17,17,24,0,27,26
17,16,17,22,25,24,4,27,5,9,3,8,7,1,26,1,14,26,16,21,25,12,29,4,27,4,15,25,21,30,-1,25,15,12,15,30,21,9
19,20,10,26,6,3,30,3,26,28,13,0,19,0,21,14,30,24,11,18,15,6,1,14,19,13,3,0,18,4,10,15,16,5,21,13,30,13
2,12,28,15,2,20,14,13,8,2,25,2,28,17,23,5,6,7,18,10,25,30,23,25,-1,27,25,-1,19,22,2,19,6,0,7,28,4,3
26,24,2,4,4,4,1,24,2,22,30,8,20,9,27,13,4,7,26,14,17,27,24,7,5,7,4,4,27,10,16,0,18,23,10,16,0,30
24,2,17,17,21,13,13,17,17,5,17,2,4,30,1,22,30,5,25,1,11,28,0,30,2,17,12,29,15,18,0,26,9,27,15,1,25,2
-1,3,27,22,6,21,26,29,5,9,22,20,12,15,15,18,15,21,0,28,4,9,8,22,-1,18,12,20,7,15,22,14,16,6,8,30,6,20
5,19,-1,5,17,5,-1,0,23,20,29,17,4,8,6,17,26,14,24,21,19,13,1,15,0,28,10,3,3,18,20,14,29,9,27,22,21,30
0,17,0,17,0,26,5,-1,25,27,-1,30,10,-1,18,29,5,6,11,7,24,2,24,24,13,8,2,24,5,19,7,9,27,20,13,19,15,16
9,20,1,23,12,3,19,3,20,20,5,25,22,18,20,13,19,20,10,8,8,13,14,22,26,2,16,7,9,23,24,15,6,15,18,13,0,27
29,11,1,24,5,29,-1,23,-1,17,-1,15,13,8,14,4,17,29,24,1,3,3,20,11,9,29,26,19,23,4,19,2,23,29,24,14,23,30
9,28,8,8,26,17,8,22,15,7,19,26,20,4,19,16,6,22,26,14,30,7,20,2,20,26,0,30,14,22,28,12,6,3,28,4,13,0
0,6,24,23,0,21,12,26,23,29,29,20,5,1,7,3,5,-1,28,4,12,21,25,28,18,12,7,6,0,21,23,26,15,27,25,29,6,30
-1,27,22,11,12,18,30,8,12,10,23,13,26,2,23,4,-1,25,4,26,-1,16,3,11,19,24,2,27,21,18,18,17,29,15,28,4,16,30
3,13,22,9,12,13,12,3,24,2,15,11,14,30,0,3,24,4,24,27,26,27,28,0,14,25,19,11,24,22,28,5,2,9,11,14,5,14
21,16,3,5,0,5,27,20,17,23,22,12,26,10,-1,23,15,0,4,11,5,10,23,24,21,30,6,25,14,24,-1,1,20,10,1,8,14,27
16,0,22,22,2,6,5,14,19,11,19,13,23,20,1,3,24,14,12,10,24,30,24,22,23,26,12,28,25,7,15,2,25,30,5,3,10,8
17,9,0,0,8,18,23,23,30,0,24,19,3,2,7,28,22,24,24,11,14,13,3,13,19,7,12,10,17,25,20,29,22,6,9,21,25,26
11,16,28,22,27,0,30,8,10,28,28,17,18,3,5,18,8,19,26,14,18,29,5,24,11,25,26,5,15,7,26,28,8,19,29,19,27,1
13,27,28,11,17,23,0,21,29,27,25,6,15,17,13,16,26,19,17,-1,9,6,18,15,17,12,19,9,7,9,22,30,19,8,2,5,16,11
8,13,2,3,22,25,19,11,26,9,26,28,28,11,6,29,23,6,21,7,12,30,3,28,23,10,2,9,23,20,30,11,25,4,3,2,7,28
1,4,17,18,26,13,21,5,4,15,-1,17,20,3,27,22,17,21,0,17,-1,28,5,0,-1,11,14,27,0,24,21,23,14,24,19,2,22,29
1,10,24,-1,30,21,4,5,5,7,3,1,23,21,9,18,17,3,28,26,27,4,29,6,7,21,19,12,0,2,16,13,14,10,19,20,10,11
4,23,12,21,18,26,29,21,9,21,13,9,6,25,20,1,0,3,2,-1,15,3,2,24,2,24,1,24,0,1,12,21,-1,3,19,1,22,23
9,4,12,12,2,8,-1,13,18,26,12,5,10,19,-1,6,11,29,12,8,22,22,7,28,30,20,3,30,1,11,5,11,28,21,22,30,28,20
3,8,26,27,28,5,8,0,2,7,6,3,28,26,3,29,6,8,12,7,26,16,18,9,0,10,26,4,22,3,13,16,13,27,27,20,25,27
9,29,29,13,7,4,5,6,6,28,20,23,14,9,30,15,11,-1,16,0,10,21,7,12,15,6,6,12,15,28,13,1,23,29,7,23,5,26
16,14,12,24,22,1,27,10,1,7,10,30,20,6,30,-1,23,1,19,17,18,25,0,-1,2,20,12,3,2,30,26,11,25,26,-1,10,17,13
42
0,0
41,41
6,0,28,-1,25,-1,-1,-1,13,0,18,25,23,8,20,7,0,12,21,25,28,5,11,14,8,25,28,17,0,5,22,7,18,18,23,2,14,28,0,15,7,25
14,23,15,28,5,5,2,9,5,29,11,21,10,3,4,2,3,17,26,17,18,7,21,18,7,8,5,15,0,30,0,23,11,24,4,14,4,0,20,13,2,-1
9,24,29,26,6,17,22,3,14,3,18,23,10,11,22,29,25,30,-1,12,23,24,10,27,27,15,9,28,14,23,15,15,26,17,1,10,-1,26,16,14,5,12
25,0,10,21,25,15,5,17,17,21,6,13,11,9,3,0,30,21,22,2,20,3,24,15,10,22,24,20,6,27,26,7,6,15,25,20,4,6,15,-1,6,27
2,21,26,8,20,21,27,16,21,30,27,30,25,10,3,-1,16,11,26,25,18,11,23,11,2,14,16,20,28,17,30,4,29,14,2,13,13,28,2,17,28,3
29,11,18,7,3,14,13,16,10,8,22,21,26,30,5,1,2,11,0,10,1,3,28,21,11,12,0,-1,11,26,28,25,19,27,12,7,21,15,14,22,25,9
29,22,8,6,21,17,20,12,15,12,20,5,22,26,11,14,12,29,29,2,8,3,25,16,14,15,19,26,6,10,29,14,1,19,11,10,4,17,11,22,9,15
10,19,5,8,-1,9,21,1,23,27,9,5,17,9,10,11,2,14,22,4,7,19,8,1,10,18,27,26,19,16,9,6,3,-1,29,29,26,15,4,30,25,4
10,27,10,26,24,2,23,14,24,11,11,9,23,8,0,28,2,20,21,24,-1,3,-1,5,-1,18,27,1,21,-1,29,7,30,8,18,25,21,19,6,3,26,0
28,18,4,24,2,14,8,3,3,23,6,10,7,13,14,28,24,17,25,2,5,20,6,29,22,3,14,6,22,22,28,0,27,5,8,27,3,1,30,14,9,19
29,29,14,4,4,30,3,23,27,21,29,24,28,28,28,-1,14,18,11,7,9,30,27,28,15,1,30,27,17,7,-1,25,2,24,16,23,28,26,21,19,6,5
2,14,16,14,27,-1,0,27,0,22,22,9,14,23,26,14,30,22,4,25,26,17,14,27,6,28,3,13,12,5,10,11,15,24,4,13,29,1,10,16,23,-1
1,0,0,17,28,6,13,11,28,0,-1,13,26,14,18,28,19,27,26,4,1,27,2,3,7,13,22,8,5,3,9,10,24,22,19,13,19,28,-1,9,2,2
22,19,0,3,5,11,24,9,21,11,14,15,26,23,7,13,1,26,22,19,17,5,24,30,29,1,2,1,21,6,26,0,16,29,2,1,7,25,9,9,16,22
22,29,17,8,10,27,16,15,0,8,1,27,8,8,17,23,4,-1,7,21,21,18,17,13,27,12,1,1,3,24,10,7,2,8,8,30,22,21,24,25,3,-1
19,5,18,3,19,27,26,15,13,6,5,24,23,7,7,19,13,5,8,23,0,-1,17,28,25,28,30,-1,10,3,30,-1,0,16,23,25,21,21,11,19,6,10
14,25,3,8,5,28,15,16,29,21,23,3,14,4,26,4,10,27,2,14,22,15,27,14,16,6,5,21,8,26,29,0,7,3,28,0,16,8,11,13,16,25
28,7,12,10,14,12,10,-1,23,20,16,1,9,2,24,14,11,3,4,21,10,28,28,28,4,21,16,20,30,14,1,8,12,-1,22,17,26,2,0,8,0,5
29,25,0,10,5,19,0,17,10,24,28,28,-1,6,5,0,25,-1,1,17,5,5,18,27,21,5,6,18,29,22,28,8,0,30,7,1,3,25,1,30,3,-1
10,29,10,1,23,17,16,28,12,14,10,28,19,22,-1,16,3,23,12,9,29,6,2,19,25,9,10,21,12,3,20,29,17,24,0,0,28,4,3,21,3,8
3,25,11,25,26,26,12,19,17,2,1,0,30,18,30,19,19,14,17,19,1,-1,30,16,14,5,23,4,18,28,3,12,13,15,23,5,26,14,17,3,21,6
28,3,23,23,25,29,11,6,29,14,8,18,21,21,7,30,29,27,9,30,13,17,-1,8,25,18,5,4,3,20,8,1,19,25,22,12,4,18,29,14,7,9
8,6,19,0,19,11,29,25,7,8,14,24,0,24,5,7,14,28,3,24,6,4,8,2,23,6,11,20,19,9,3,21,28,0,1,11,22,24,-1,20,-1,21
11,26,29,17,23,28,16,26,18,21,1,17,29,20,17,21,11,9,7,14,22,14,26,2,7,20,7,0,3,9,25,27,17,30,2,24,16,9,14,12,-1,24
30,15,0,15,17,15,13,0,20,13,11,28,5,19,9,30,11,22,28,3,6,23,20,19,6,20,28,25,14,4,6,3,7,12,4,23,20,15,15,3,24,0
30,29,24,10,25,1,6,8,27,13,17,9,26,23,25,-1,2,0,0,18,11,20,12,9,7,5,1,30,-1,0,1,24,10,18,26,24,-1,29,18,18,1,12
7,14,26,15,3,3,29,24,4,15,19,16,23,22,7,6,4,7,5,15,-1,-1,27,15,13,16,-1,3,0,28,9,17,27,29,19,0,23,2,29,16,10,10
6,21,30,14,13,23,28,7,0,19,9,11,18,3,27,5,26,10,4,1,14,11,3,25,5,27,22,16,11,-1,12,29,15,18,11,30,25,0,29,16,14,14
21,15,23,6,13,6,13,0,11,8,2,29,25,-1,16,25,8,6,6,19,3,20,1,10,11,7,8,5,27,9,3,12,9,24,22,9,18,26,11,30,12,8
3,5,3,12,7,11,6,22,3,14,24,9,-1,25,13,12,14,0,14,17,26,1,30,7,5,23,30,6,28,8,19,9,5,5,7,28,1,-1,19,26,1,13
4,17,20,3,1,20,30,25,17,24,13,4,9,21,27,2,20,9,24,16,12,29,25,25,4,2,13,3,-1,7,19,23,16,12,4,26,14,11,21,20,21,12
20,25,7,0,1,11,17,13,13,11,15,25,23,7,5,22,3,20,0,28,26,2,17,30,3,8,20,30,-1,-1,18,0,3,18,29,29,24,5,30,13,27,22
4,0,17,22,20,25,27,30,10,15,24,9,17,19,14,21,24,13,23,21,3,5,15,24,11,1,27,22,10,8,21,7,6,17,18,7,23,0,13,19,6,30
9,13,3,26,14,22,24,27,4,3,21,7,13,17,2,29,22,20,15,1,6,1,8,3,2,9,21,25,28,1,24,21,14,9,24,21,7,5,22,6,20,27
25,24,24,7,6,28,15,21,0,29,23,6,22,1,20,26,9,14,15,4,9,2,27,27,14,9,29,-1,12,12,20,20,2,3,9,16,7,0,20,14,1,15
21,30,4,4,27,21,6,1,12,3,11,26,15,19,22,18,4,17,28,29,4,26,21,10,8,0,28,13,14,26,23,22,2,28,6,30,7,0,24,29,2,7
9,5,6,5,2,13,23,5,2,18,21,6,22,24,17,28,-1,20,9,2,13,0,2,13,12,4,18,18,18,21,16,27,24,3,5,29,1,5,29,21,4,3
28,0,3,28,7,2,3,26,22,21,4,2,4,15,-1,21,26,14,25,27,27,27,29,10,4,18,9,20,13,9,20,17,0,7,13,2,4,2,21,18,13,8
0,26,8,27,2,12,27,10,20,9,4,7,1,24,3,27,18,28,23,14,19,9,9,11,18,19,7,1,13,2,14,18,2,11,14,25,28,21,15,5,23,4
19,29,4,26,4,13,21,30,18,27,-1,17,5,29,30,4,22,13,28,18,30,3,17,6,13,9,16,6,6,4,21,13,20,11,23,4,11,21,21,10,16,30
3,8,14,20,27,10,30,13,20,23,5,25,23,27,2,11,12,2,11,27,16,18,14,27,8,22,25,27,12,12,20,16,30,21,18,2,4,8,0,6,11,5
4,2,27,25,0,18,14,1,4,0,29,25,29,11,19,20,7,1,18,5,14,5,29,4,2,20,15,9,24,11,9,18,17,8,6,9,22,29,18,28,1,14
46
0,0
45,45
23,26,10,12,30,30,29,29,30,1,11,27,20,25,27,23,25,16,10,-1,8,12,1,15,16,10,9,16,24,12,4,7,0,5,19,-1,20,0,20,16,12,24,23,9,22,28
10,27,29,27,25,14,22,25,29,17,20,24,-1,10,17,23,17,8,28,27,20,18,10,17,28,28,8,19,11,18,30,13,7,25,1,4,4,3,15,22,1,21,-1,8,13,24
19,14,12,7,15,1,7,20,12,-1,-1,1,4,0,3,26,8,19,30,-1,2,25,20,8,4,13,9,20,1,10,0,0,20,15,15,19,19,3,0,-1,23,19,30,1,2,3
23,2,0,5,3,2,22,2,8,-1,14,18,9,29,22,0,19,21,14,11,29,-1,17,4,10,27,1,9,5,17,0,13,15,28,25,6,24,9,15,6,7,5,22,10,27,0
18,23,30,14,-1,17,16,-1,16,26,15,7,6,0,25,5,4,30,24,7,24,8,10,26,7,6,29,4,23,6,21,27,26,4,21,-1,19,29,17,28,17,2,24,4,2,22
13,19,25,10,11,26,18,19,0,7,18,23,8,7,5,9,0,9,8,12,6,24,12,1,27,0,3,26,19,26,9,8,-1,29,14,18,26,16,8,7,1,14,10,20,-1,30
10,4,20,8,6,-1,19,6,-1,4,0,7,8,30,2,30,2,24,19,6,-1,0,16,27,21,7,30,18,26,1,22,17,20,26,1,1,-1,17,30,13,2,25,25,21,30,22
24,17,11,17,9,7,1,14,3,12,14,12,17,21,18,28,14,18,6,8,6,6,13,21,6,26,16,3,12,20,3,23,15,30,16,7,24,13,29,21,20,25,27,29,1,8
25,11,14,1,7,4,23,1,18,29,14,13,12,23,0,12,17,15,-1,26,14,4,16,11,-1,14,12,18,11,9,15,11,-1,8,19,1,25,19,15,6,28,19,23,19,12,2
5,18,2,21,23,26,27,25,29,14,9,24,24,20,14,14,24,6,3,21,8,30,8,13,28,25,17,16,6,24,5,18,3,14,0,30,6,21,-1,21,25,3,7,28,12,28
6,30,4,19,3,5,14,8,11,18,10,26,16,-1,14,9,17,27,2,12,30,18,7,9,15,15,12,2,1,6,4,17,28,1,11,21,22,23,26,7,21,10,22,0,-1,14
21,1,29,15,3,21,23,6,13,29,19,25,16,7,0,17,0,0,25,25,28,8,10,5,5,5,17,28,9,25,0,19,5,16,4,22,7,19,29,10,26,22,8,2,7,25
30,4,1,28,26,0,10,10,28,17,21,15,6,10,29,22,4,19,30,24,2,1,4,-1,13,10,26,13,10,26,15,16,23,8,25,27,4,21,30,1,0,21,23,20,1,18
17,16,2,23,14,11,4,12,30,25,7,15,13,14,26,15,29,12,21,24,17,1,1,23,28,12,2,26,6,2,4,29,25,20,29,0,30,5,10,13,10,14,7,2,16,9
3,16,12,12,15,14,24,18,11,5,16,24,11,4,1,2,30,19,-1,18,19,22,21,25,15,16,6,3,0,1,18,12,24,3,22,9,18,19,30,11,3,23,1,23,20,9
20,28,25,7,13,3,4,17,29,2,9,21,20,5,9,10,17,12,0,20,5,25,9,9,9,22,22,19,29,13,23,6,15,5,10,11,5,17,15,3,10,24,23,20,25,0
16,15,20,22,8,12,0,13,29,23,22,22,-1,2,17,22,13,13,25,16,21,17,5,20,19,18,20,25,16,15,6,6,27,2,15,12,21,18,10,26,4,20,10,1,2,11
7,20,22,11,26,8,18,11,18,12,12,21,4,17,24,-1,17,24,29,12,0,9,3,25,22,28,29,13,8,19,18,5,27,17,30,1,24,25,4,7,29,5,18,19,16,0
14,28,25,8,14,5,29,21,5,0,26,18,3,30,26,9,6,2,27,25,22,7,13,25,11,10,10,19,18,12,12,3,7,14,18,20,6,24,9,16,18,1,5,23,8,4
12,25,24,4,13,29,21,8,20,16,4,12,30,23,3,14,17,6,15,1,17,11,9,1,25,20,15,2,25,-1,20,7,7,8,11,7,15,23,16,24,14,10,1,21,12,29
27,2,12,30,4,30,10,28,12,26,7,16,28,11,5,17,17,30,29,7,5,15,12,-1,19,28,-1,10,19,13,7,-1,26,30,13,21,9,24,0,12,-1,25,22,12,2,10
18,16,27,30,18,13,13,1,17,24,16,24,13,10,0,14,28,0,10,15,12,18,19,17,2,18,9,11,29,2,18,5,15,30,26,27,5,5,-1,15,28,6,11,27,11,11
17,-1,24,25,4,6,28,18,26,24,19,25,26,29,23,16,-1,29,0,11,12,24,2,6,13,0,16,2,25,29,10,17,29,4,2,29,13,24,8,17,3,21,17,2,17,30
3,30,3,11,1,20,0,23,11,21,1,0,20,14,21,23,24,5,28,23,14,10,26,1,2,28,24,25,0,23,-1,17,2,10,30,24,14,20,21,4,15,15,7,24,18,26
10,15,25,7,21,2,29,26,12,9,11,11,-1,23,8,1,15,28,6,5,8,17,18,5,11,14,-1,16,27,25,4,23,19,0,6,29,10,19,13,8,25,22,1,24,26,14
2,19,26,21,26,4,15,26,25,6,19,2,8,20,20,13,10,10,19,30,16,20,5,6,30,10,27,30,12,26,-1,25,19,23,0,6,15,11,8,13,7,17,12,17,23,2
15,2,20,9,9,2,22,16,26,16,4,1,-1,2,8,27,11,3,7,26,25,11,11,10,1,14,2,3,5,1,12,3,20,18,24,10,21,1,28,23,12,3,14,6,1,6
2,3,20,11,15,23,15,14,18,7,14,20,16,19,24,6,13,16,17,7,15,0,17,23,20,8,29,27,17,20,22,7,30,27,27,8,21,25,25,30,26,14,22,1,27,26
5,3,25,5,1,13,19,0,-1,17,28,8,16,1,1,16,1,17,22,-1,7,29,27,24,2,8,15,27,1,1,15,3,30,5,-1,14,9,0,13,4,12,30,7,27,29,10
7,20,24,14,1,23,22,19,-1,21,2,7,4,13,21,23,18,14,26,-1,6,-1,12,30,10,17,12,17,0,26,8,16,18,15,18,4,8,1,29,29,15,3,18,27,1,22
17,6,17,24,21,18,11,22,18,1,20,27,12,16,21,8,14,11,9,25,20,29,18,23,7,19,2,29,10,21,18,13,-1,7,2,22,29,3,18,4,18,18,6,14,10,12
-1,4,1,22,0,19,15,22,26,20,27,6,4,3,24,28,30,3,20,30,21,-1,1,27,10,8,8,20,18,10,2,30,18,21,11,3,22,11,7,29,20,13,13,0,10,23
8,7,27,-1,23,8,24,30,27,-1,5,23,27,3,12,24,7,19,22,15,24,21,15,-1,30,19,9,22,8,26,26,7,8,4,13,30,23,17,7,20,16,9,15,2,10,9
3,0,12,14,7,19,8,2,2,19,10,27,13,28,15,13,7,-1,28,4,25,21,2,15,21,3,13,29,10,9,6,5,14,26,22,20,26,9,23,22,22,29,1,3,15,26
-1,3,25,25,26,5,7,11,0,1,27,21,2,12,22,1,29,14,4,13,17,18,1,10,3,28,0,8,10,29,28,12,0,2,30,17,19,1,0,29,19,15,25,26,29,29
18,20,19,23,0,29,23,22,13,9,22,9,30,1,23,19,4,4,16,12,13,4,-1,21,4,6,9,8,0,22,20,4,11,7,16,8,25,22,15,27,9,11,4,6,25,3
8,11,29,19,5,28,3,22,17,8,13,0,30,4,23,23,11,13,2,8,26,4,24,7,6,20,2,2,4,30,2,9,20,6,29,8,27,13,30,26,15,21,22,27,19,3
19,6,5,12,11,30,25,30,8,1,28,23,-1,24,21,-1,16,1,2,0,7,10,28,3,21,21,-1,8,18,28,14,17,17,8,6,3,22,15,19,5,2,8,15,4,10,8
15,25,30,19,7,-1,3,17,4,0,5,6,12,22,28,17,10,18,15,24,17,3,25,25,7,14,6,2,27,2,17,21,24,17,1,13,19,17,1,30,11,9,4,20,1,26
4,0,16,10,24,13,15,-1,14,15,20,15,14,27,11,22,13,24,8,26,15,25,26,3,11,22,16,9,6,20,15,14,29,0,26,20,25,5,19,29,4,10,14,17,5,14
19,7,28,-1,4,3,10,14,1,11,2,19,18,13,5,8,25,0,11,10,12,18,28,23,0,19,20,0,19,26,1,9,13,18,8,18,30,5,18,25,30,12,11,10,0,4
10,30,16,1,2,17,17,-1,6,19,29,0,22,5,6,16,28,17,26,30,17,6,28,26,17,3,13,-1,2,-1,8,26,1,10,9,15,26,8,23,14,10,22,24,24,11,25
2,19,2,28,24,30,24,12,0,5,16,30,1,28,13,29,29,2,0,10,21,12,20,30,30,27,15,12,19,13,5,6,5,9,27,5,0,23,26,29,28,21,17,22,6,23
15,25,22,11,6,6,7,22,11,26,8,21,10,-1,24,4,19,1,19,26,28,1,16,24,26,11,-1,9,25,18,22,29,2,2,28,25,19,15,0,5,14,1,9,15,22,28
10,26,10,7,9,11,27,18,28,26,30,11,20,15,29,20,21,29,29,25,12,29,16,8,15,20,10,17,12,4,28,9,13,19,24,30,26,15,12,14,8,21,6,13,27,3
5,13,27,13,16,28,24,25,8,30,11,11,14,16,11,16,24,3,-1,28,28,21,11,27,11,7,4,19,29,29,14,29,9,-1,15,20,21,10,27,23,14,19,25,19,-1,21
